969
3924
2260
1503
7132
3623
1391
2357
1285
1555
7621
2055
4664
5924
3633
1545
2210
9386
3567
6030
7309
5515
7808
7607
2295
2369
7283
5680
2569
6911
4672
5803
5546
9372
6652
2596
8003
8577
9741
5662
3898
6063
7120
8337
6666
4068
8462
144
270
3744
7226
9383
804
8586
4656
6943
4377
7448
5243
398
1646
8916
412
895
9836
4205
4427
2296
4519
6526
6507
3394
9501
3177
3375
7016
8842
6240
9175
4162
8628
2331
6358
4273
3681
3699
8049
6831
5166
2834
6130
5270
5767
5103
4768
2783
9472
3780
2236
3893
1834
8503
5149
6208
2053
6377
6168
2867
9513
6292
3048
8340
276
1423
7557
5589
2499
5994
8471
9307
6683
9877
8194
9322
5641
3801
6537
9490
8780
9015
6951
8813
8672
2910
4396
8242
7576
7419
4293
8439
4865
4634
5467
5482
5904
2027
7805
1710
1040
2763
2705
1018
4416